% Example script to convert from frequency domain to time domain.
% Note that you somehow lose a value when converting back to time domain (possibly DC value?)

AD_trial = [-0.0107421875000000,-0.00842285156250000,-0.0113525390625000,-0.0107421875000000,-0.0183105468750000,-0.0239257812500000,-0.0281982421875000,-0.0281982421875000,-0.0230712890625000,-0.0156250000000000,0.00341796875000000,-0.0122070312500000,-0.0166015625000000,-0.0212402343750000,-0.0152587890625000,-0.00903320312500000,-0.00964355468750000,-0.0101318359375000,-0.0107421875000000,-0.00634765625000000,-0.00659179687500000,-0.00781250000000000,-0.00866699218750000,-0.0111083984375000,-0.00500488281250000,-0.00488281250000000,-0.0162353515625000,-0.0109863281250000,-0.00476074218750000,-0.00231933593750000,-0.00170898437500000,0.00305175781250000,0.00695800781250000,0.00329589843750000,0.00170898437500000,0.00695800781250000,0.00549316406250000,0.00500488281250000,0.00451660156250000,0.00634765625000000,0.00585937500000000,0.00512695312500000,0.00390625000000000,-0.00292968750000000,0.000976562500000000,0.00878906250000000,0.0166015625000000,0.00854492187500000,0.00329589843750000,0.00329589843750000,0.00537109375000000,0.00598144531250000,0.00622558593750000,0.00646972656250000,-0.00195312500000000,0.00207519531250000,-0.00598144531250000,-0.0119628906250000,-0.0139160156250000,-0.0145263671875000,-0.0163574218750000,-0.0107421875000000,-0.00476074218750000,-0.00683593750000000,-0.0129394531250000,-0.00988769531250000,-0.00646972656250000,0.000610351562500000,0.00268554687500000,-0.00268554687500000,-0.00988769531250000,-0.0102539062500000,-0.0109863281250000,-0.0140380859375000,-0.0200195312500000,-0.0230712890625000,-0.0161132812500000,-0.0191650390625000,-0.0180664062500000,-0.0224609375000000,-0.0196533203125000,-0.0158691406250000,-0.0135498046875000,-0.0100097656250000,-0.0164794921875000,-0.0123291015625000,-0.0119628906250000,-0.0113525390625000,-0.00622558593750000,-0.00231933593750000,-0.0115966796875000,-0.0128173828125000,-0.0130615234375000,-0.0102539062500000,-0.00720214843750000,-0.00646972656250000,-0.00988769531250000,-0.0117187500000000,0.00109863281250000,0.00512695312500000,0.000244140625000000,0.00231933593750000,0.00219726562500000,0.00329589843750000,-0.00305175781250000,-0.000366210937500000,0.00378417968750000,0.00268554687500000,0.00708007812500000,0.00231933593750000,0.000244140625000000,-0.00805664062500000,0.000732421875000000,-0.00134277343750000,-0.000366210937500000,0.00219726562500000,-0.000610351562500000,-0.00463867187500000,-0.0222167968750000,-0.00268554687500000,-0.00146484375000000,-0.000244140625000000,-0.00354003906250000,-0.00720214843750000,-0.00610351562500000,-0.0112304687500000,-0.00756835937500000,-0.0139160156250000,-0.0102539062500000,-0.00158691406250000,-0.00354003906250000,-0.00244140625000000,-0.00976562500000000,-0.00720214843750000,-0.00366210937500000,-0.000610351562500000,0.00305175781250000,0.000122070312500000,0.00207519531250000,-0.00183105468750000,0.000488281250000000,-0.00378417968750000,-0.00451660156250000,-0.00415039062500000,-0.00366210937500000,-0.00256347656250000,0.000854492187500000,0.0140380859375000,4.99877929687500e-05,0.000732421875000000,0.00195312500000000,0.00817871093750000,0.0107421875000000,0.00708007812500000,0.00830078125000000,0.00671386718750000,0.00720214843750000,0.000610351562500000,-0.00256347656250000,-0.000366210937500000,0.00122070312500000,0.00891113281250000,0.00561523437500000,-0.00683593750000000,-0.00427246093750000,0.00207519531250000,0.00915527343750000,0.0106201171875000,0.0106201171875000,0.0103759765625000,0.00146484375000000,-0.00439453125000000,-0.000854492187500000,-0.00305175781250000,-0.00402832031250000,-0.00524902343750000,-0.000122070312500000,0.000732421875000000,0.00231933593750000,0.00354003906250000,-0.00146484375000000,0.00158691406250000,0.0109863281250000,0.0177001953125000,0.00781250000000000,0.00366210937500000,0.00244140625000000,0.00488281250000000,0.00463867187500000,0.00585937500000000,0.00903320312500000,0.00402832031250000,0.0118408203125000,0.00354003906250000,-0.00305175781250000,-0.00244140625000000,0.00244140625000000,0.00634765625000000,0.0162353515625000,0.0253906250000000,0.0224609375000000,0.0142822265625000,0.0136718750000000,0.0155029296875000,0.0203857421875000,0.0251464843750000,0.0168457031250000,0.00976562500000000,0.0103759765625000,0.00976562500000000,0.00708007812500000,0.00524902343750000,0.00561523437500000,0.0137939453125000,0.0113525390625000,0.0107421875000000,0.00585937500000000,0.00573730468750000,0.00573730468750000,0.00354003906250000,0.00317382812500000,-0.00329589843750000,0.00170898437500000,0.000854492187500000,0.000976562500000000,0.00305175781250000,0.00378417968750000,-0.00292968750000000,-0.00146484375000000,-0.000976562500000000,-0.00207519531250000,-0.000122070312500000,0.00122070312500000,-0.00207519531250000,-0.00622558593750000,0.00463867187500000,0.00842285156250000,0.00427246093750000,0.00341796875000000,-0.000366210937500000,-0.00158691406250000,-0.0114746093750000,-0.00988769531250000,-0.00866699218750000,-0.00756835937500000,-0.000854492187500000,-0.00244140625000000,-0.00146484375000000,-0.00878906250000000,0.000488281250000000,0.00341796875000000,0.00366210937500000,0.00720214843750000,0.00439453125000000,-0.00207519531250000,-0.0246582031250000,-0.0129394531250000,-0.0135498046875000,-0.00671386718750000,-0.00500488281250000,-0.00659179687500000,-0.00598144531250000,-0.00646972656250000,-0.000366210937500000,-0.00488281250000000,0.00354003906250000,0.0115966796875000,0.0115966796875000,0.0125732421875000,0.00463867187500000,0.00439453125000000,0.00451660156250000,0.00354003906250000,0.00329589843750000,-0.00195312500000000,0.00158691406250000,-0.000976562500000000,0.00158691406250000,-0.000610351562500000,-0.00219726562500000,-0.000610351562500000,0.00280761718750000,0.00659179687500000,0.00988769531250000,0.0189208984375000,0.00646972656250000,0.00646972656250000,0.00366210937500000,0.00769042968750000,0.00573730468750000,-0.000366210937500000,-0.00183105468750000,-0.00341796875000000,-0.00378417968750000,-0.00500488281250000,-0.00317382812500000,-0.00109863281250000,0.000366210937500000,0.0100097656250000,0.0159912109375000,0.00463867187500000,0.00427246093750000,0.00573730468750000,0.00646972656250000,0.00744628906250000,0.00866699218750000,0.00854492187500000,-0.00329589843750000,-0.0102539062500000,-0.00500488281250000,-0.00500488281250000,0.000122070312500000,0.00341796875000000,0.00317382812500000,0.00585937500000000,0.00427246093750000,0.00207519531250000,-0.00610351562500000,-0.00427246093750000,0.00219726562500000,0.00891113281250000,0.000244140625000000,-0.00415039062500000,-0.0118408203125000,-0.0129394531250000,-0.0133056640625000,-0.0145263671875000,-0.0128173828125000,-0.0125732421875000,0.00292968750000000,-0.00415039062500000,-0.00598144531250000,-0.00622558593750000,-0.00366210937500000,-0.00231933593750000,-0.00146484375000000,0.00402832031250000,0.00158691406250000,-0.00268554687500000,-0.00561523437500000,-0.00817871093750000,-0.00683593750000000,0.00244140625000000,-0.00634765625000000,-0.00781250000000000,-0.00305175781250000,-0.00305175781250000,-0.00366210937500000,-0.00463867187500000,-0.00439453125000000,0.00537109375000000,0.0106201171875000,0.0139160156250000,0.00708007812500000,0.00646972656250000,0.00610351562500000,0.00476074218750000,-0.00366210937500000,-0.00695800781250000,-0.000488281250000000,-0.00207519531250000,-0.000854492187500000,-0.00109863281250000,-0.00183105468750000,-0.00695800781250000,4.99877929687500e-05,0.000122070312500000,0.00231933593750000,0.00561523437500000,0.00476074218750000,0.000366210937500000,-0.00610351562500000,0.00317382812500000,0.000488281250000000,-0.00610351562500000,-0.0101318359375000,-0.0147705078125000,-0.0129394531250000,-0.0191650390625000,-0.0120849609375000,-0.0114746093750000,-0.00549316406250000,0.00695800781250000,